3.580000000000000000e+03,5.642288096611336812e+01
3.579800000000000182e+03,5.566289733355700520e+01
3.579599999999999909e+03,5.064673679033822395e+01
3.579400000000000091e+03,5.641476673325774271e+01
3.579199999999999818e+03,5.392044549477664361e+01
3.579000000000000000e+03,5.417724423218946583e+01
3.578800000000000182e+03,5.064503451847070181e+01
3.578599999999999909e+03,5.986675996169243774e+01
3.578400000000000091e+03,5.530639700720162466e+01
3.578199999999999818e+03,5.876861304322071788e+01
3.578000000000000000e+03,5.391652514274213814e+01
3.577800000000000182e+03,5.717337941861038786e+01
3.577599999999999909e+03,5.695238744297277833e+01
3.577400000000000091e+03,5.332320519974299344e+01
3.577199999999999818e+03,5.157908885381018393e+01
3.577000000000000000e+03,5.343018106129783007e+01
3.576800000000000182e+03,5.531916270127146618e+01
3.576599999999999909e+03,5.292695493725047129e+01
3.576400000000000091e+03,5.784146656192834257e+01
3.576199999999999818e+03,5.358055108445804393e+01
3.576000000000000000e+03,5.319535163136994527e+01
3.575800000000000182e+03,5.942834597904018068e+01
3.575599999999999909e+03,5.727832946590807950e+01
3.575400000000000091e+03,5.200509565408888335e+01
3.575199999999999818e+03,5.647183443305518580e+01
3.575000000000000000e+03,5.467419427069097537e+01
3.574800000000000182e+03,5.288732428048189149e+01
3.574599999999999909e+03,5.810894800288939877e+01
3.574400000000000091e+03,5.386168612101963049e+01
3.574199999999999818e+03,5.538821943780965285e+01
3.574000000000000000e+03,5.411138750740146008e+01
3.573800000000000182e+03,5.606213464305702843e+01
3.573599999999999909e+03,5.198149260934734883e+01
3.573400000000000091e+03,5.325602842651525748e+01
3.573199999999999818e+03,5.335747113555434140e+01
3.573000000000000000e+03,5.809219065991955233e+01
3.572800000000000182e+03,5.432447830660746035e+01
3.572599999999999909e+03,5.434539346724168496e+01
3.572400000000000091e+03,5.588742483181448506e+01
3.572199999999999818e+03,5.341654556094422190e+01
3.572000000000000000e+03,5.380591817021672796e+01
3.571800000000000182e+03,5.252773035184249295e+01
3.571599999999999909e+03,5.228296433520768005e+01
3.571400000000000091e+03,5.433410359486497754e+01
3.571199999999999818e+03,5.015890545516617749e+01
3.571000000000000000e+03,5.270261898310969428e+01
3.570800000000000182e+03,5.551571601235793452e+01
3.570599999999999909e+03,5.364471428717784818e+01
3.570400000000000091e+03,5.331424480994385817e+01
3.570199999999999818e+03,5.659200954177117637e+01
3.570000000000000000e+03,5.750882012315041436e+01
3.569800000000000182e+03,5.603027208289698535e+01
3.569599999999999909e+03,5.549429601000208123e+01
3.569400000000000091e+03,5.056080810433518735e+01
3.569199999999999818e+03,5.284221326031784116e+01
3.569000000000000000e+03,5.143911128371781416e+01
3.568800000000000182e+03,4.999453812419866949e+01
3.568599999999999909e+03,4.894598020933851501e+01
3.568400000000000091e+03,4.505238658805710372e+01
3.568199999999999818e+03,4.382100511118416364e+01
3.568000000000000000e+03,4.174798218507506675e+01
3.567800000000000182e+03,4.002512564803392792e+01
3.567599999999999909e+03,3.528399527515091449e+01
3.567400000000000091e+03,3.394763877674135699e+01
3.567199999999999818e+03,3.621027728238407661e+01
3.567000000000000000e+03,3.029715158118787599e+01
3.566800000000000182e+03,3.269222181588887821e+01
3.566599999999999909e+03,2.962980529117655948e+01
3.566400000000000091e+03,3.142377310339476537e+01
3.566199999999999818e+03,3.031153075781592321e+01
3.566000000000000000e+03,3.336577252065539767e+01
3.565800000000000182e+03,3.027840723482182383e+01
3.565599999999999909e+03,3.252526739512017429e+01
3.565400000000000091e+03,3.616523400660964427e+01
3.565199999999999818e+03,3.715097409868999279e+01
3.565000000000000000e+03,4.015365164813332655e+01
3.564800000000000182e+03,4.186758066136545153e+01
3.564599999999999909e+03,4.596124102086260876e+01
3.564400000000000091e+03,4.645626916615794499e+01
3.564199999999999818e+03,5.185502208802048330e+01
3.564000000000000000e+03,5.059661794481249331e+01
3.563800000000000182e+03,5.540349203806788125e+01
3.563599999999999909e+03,5.239082496257997690e+01
3.563400000000000091e+03,5.330994647412695997e+01
3.563199999999999818e+03,5.764694475422523823e+01
3.563000000000000000e+03,5.393065611793458203e+01
3.562800000000000182e+03,5.517382294965631928e+01
3.562599999999999909e+03,5.484053924836030092e+01
3.562400000000000091e+03,5.550462474086432252e+01
3.562199999999999818e+03,5.460677655610746939e+01
3.562000000000000000e+03,4.935914254261353307e+01
3.561800000000000182e+03,5.269152087818925168e+01
3.561599999999999909e+03,5.034481129516533571e+01
3.561400000000000091e+03,5.266297740069641264e+01
3.561199999999999818e+03,5.465402184439155064e+01
3.561000000000000000e+03,5.289723580685377868e+01
3.560800000000000182e+03,5.273860863043609726e+01
3.560599999999999909e+03,5.544769418993465138e+01
3.560400000000000091e+03,4.865059744172204148e+01
3.560199999999999818e+03,5.441424341687689292e+01
3.560000000000000000e+03,5.391521379914580336e+01
3.559800000000000182e+03,5.641711396948105772e+01
3.559599999999999909e+03,5.478039965690415158e+01
3.559400000000000091e+03,5.803378456141779651e+01
3.559199999999999818e+03,5.740895808244712128e+01
3.559000000000000000e+03,5.428913543143448805e+01
3.558800000000000182e+03,5.443531013176265532e+01
3.558599999999999909e+03,6.007819238365532755e+01
3.558400000000000091e+03,5.727458500269360542e+01
3.558199999999999818e+03,5.622591077713367724e+01
3.558000000000000000e+03,5.542752978268897834e+01
3.557800000000000182e+03,5.454761717796842646e+01
3.557599999999999909e+03,5.632238278177247537e+01
3.557400000000000091e+03,5.754749786784421417e+01
3.557199999999999818e+03,5.734279796794897521e+01
3.557000000000000000e+03,6.154867895509897124e+01
3.556800000000000182e+03,5.522346214582505297e+01
3.556599999999999909e+03,5.364166014236447921e+01
3.556400000000000091e+03,5.644283724633150712e+01
3.556199999999999818e+03,5.844080557959903643e+01
3.556000000000000000e+03,5.405101649056921786e+01
3.555800000000000182e+03,5.421378055197197199e+01
3.555599999999999909e+03,5.782246455357210380e+01
3.555400000000000091e+03,5.412682450559324110e+01
3.555199999999999818e+03,5.058918070223278107e+01
3.555000000000000000e+03,5.611673153390587032e+01
3.554800000000000182e+03,6.068205658999063701e+01
3.554599999999999909e+03,5.544355923464961933e+01
3.554400000000000091e+03,5.713736978666793931e+01
3.554199999999999818e+03,5.607780619295547808e+01
3.554000000000000000e+03,5.858988184936629295e+01
3.553800000000000182e+03,5.420474094517190622e+01
3.553599999999999909e+03,5.631729137806458141e+01
3.553400000000000091e+03,5.661839142864380392e+01
3.553199999999999818e+03,5.467167416107706401e+01
3.553000000000000000e+03,6.134539220534563952e+01
3.552800000000000182e+03,5.459919880635192158e+01
3.552599999999999909e+03,5.325110376710896531e+01
3.552400000000000091e+03,5.219213836910390114e+01
3.552199999999999818e+03,5.492181084760322562e+01
3.552000000000000000e+03,5.481961975772312456e+01
3.551800000000000182e+03,5.438126839290880810e+01
3.551599999999999909e+03,5.114128250570826850e+01
3.551400000000000091e+03,5.318593110570855487e+01
3.551199999999999818e+03,5.742557760822830915e+01
3.551000000000000000e+03,5.172812952425732647e+01
3.550800000000000182e+03,5.734664385971524325e+01
3.550599999999999909e+03,5.428995217224628078e+01
3.550400000000000091e+03,5.587044638758997195e+01
3.550199999999999818e+03,5.629595808626884690e+01
